Date: 2025-02-27 14:10:01.124124 Nimi: 1, Oli selline tegevus: 1
Date: 2025-02-27 14:10:31.675269 Nimi: 1, Oli selline tegevus: 1
